0 43586.000000 0.183504 
1 43588.000000 0.162104 
2 43590.000000 0.144776 
3 43592.000000 0.130827 
4 43594.000000 0.123462 
5 43596.000000 0.121209 
6 43598.000000 0.125282 
7 43600.000000 0.135245 
8 43602.000000 0.149021 
9 43604.000000 0.168342 
10 43606.000000 0.191388 
11 43608.000000 0.218766 
12 43610.000000 0.251083 
13 43612.000000 0.284786 
14 43614.000000 0.319009 
15 43616.000000 0.349679 
16 43618.000000 0.376365 
17 43620.000000 0.400537 
18 43622.000000 0.421591 
19 43624.000000 0.441258 
20 43626.000000 0.456160 
21 43628.000000 0.465431 
22 43630.000000 0.465864 
23 43632.000000 0.456940 
24 43634.000000 0.441258 
25 43636.000000 0.418212 
26 43638.000000 0.392826 
27 43640.000000 0.362935 
28 43642.000000 0.332005 
29 43644.000000 0.298129 
30 43646.000000 0.261480 
31 43648.000000 0.222318 
32 43650.000000 0.182031 
33 43652.000000 0.141657 
34 43654.000000 0.103622 
35 43656.000000 0.069225 
36 43658.000000 0.039335 
37 43660.000000 0.014382 
38 43662.000000 -0.005805 
39 43664.000000 -0.020187 
40 43666.000000 -0.029977 
41 43668.000000 -0.034136 
42 43670.000000 -0.036302 
43 43672.000000 -0.035436 
44 43674.000000 -0.034656 
45 43676.000000 -0.033703 
46 43678.000000 -0.032663 
47 43680.000000 -0.030151 
48 43682.000000 -0.026512 
49 43684.000000 -0.021487 
50 43686.000000 -0.016722 
51 43688.000000 -0.014296 
52 43690.000000 -0.014209 
53 43692.000000 -0.020360 
54 43694.000000 -0.031710 
55 43696.000000 -0.048952 
56 43698.000000 -0.069919 
57 43700.000000 -0.092705 
58 43702.000000 -0.116618 
59 43704.000000 -0.138797 
60 43706.000000 -0.160804 
61 43708.000000 -0.180471 
62 43710.000000 -0.200485 
63 43712.000000 -0.215474 
64 43714.000000 -0.226737 
65 43716.000000 -0.229770 
66 43718.000000 -0.227257 
67 43720.000000 -0.219459 
68 43722.000000 -0.209322 
69 43724.000000 -0.198666 
70 43726.000000 -0.186016 
71 43728.000000 -0.173107 
72 43730.000000 -0.155779 
73 43732.000000 -0.137238 
74 43734.000000 -0.116791 
75 43736.000000 -0.095911 
76 43738.000000 -0.078063 
77 43740.000000 -0.062294 
78 43742.000000 -0.051291 
79 43744.000000 -0.042627 
80 43746.000000 -0.037515 
81 43748.000000 -0.034569 
82 43750.000000 -0.035696 
83 43752.000000 -0.040288 
84 43754.000000 -0.049645 
85 43756.000000 -0.062468 
86 43758.000000 -0.079189 
87 43760.000000 -0.098423 
88 43762.000000 -0.120863 
89 43764.000000 -0.145815 
90 43766.000000 -0.174580 
91 43768.000000 -0.205944 
92 43770.000000 -0.240166 
93 43772.000000 -0.276988 
94 43774.000000 -0.313117 
95 43776.000000 -0.348553 
96 43778.000000 -0.380697 
97 43780.000000 -0.411021 
98 43782.000000 -0.437966 
99 43784.000000 -0.460665 
100 43786.000000 -0.478340 
101 43788.000000 -0.489603 
102 43790.000000 -0.493502 
103 43792.000000 -0.489863 
104 43794.000000 -0.477560 
105 43796.000000 -0.458586 
106 43798.000000 -0.433114 
107 43800.000000 -0.404089 
108 43802.000000 -0.373505 
109 43804.000000 -0.341362 
110 43806.000000 -0.308265 
111 43808.000000 -0.272310 
112 43810.000000 -0.234708 
113 43812.000000 -0.194507 
114 43814.000000 -0.156559 
115 43816.000000 -0.119823 
116 43818.000000 -0.086207 
117 43820.000000 -0.051811 
118 43822.000000 -0.017588 
119 43824.000000 0.019581 
120 43826.000000 0.056143 
121 43828.000000 0.092358 
122 43830.000000 0.124329 
123 43832.000000 0.151447 
124 43834.000000 0.173107 
125 43836.000000 0.188962 
126 43838.000000 0.200918 
127 43840.000000 0.208629 
128 43842.000000 0.212268 
129 43844.000000 0.211402 
130 43846.000000 0.204557 
131 43848.000000 0.192341 
132 43850.000000 0.174493 
133 43852.000000 0.153180 
134 43854.000000 0.129354 
135 43856.000000 0.104488 
136 43858.000000 0.079622 
137 43860.000000 0.054150 
138 43862.000000 0.031104 
139 43864.000000 0.009790 
140 43866.000000 -0.007451 
141 43868.000000 -0.020967 
142 43870.000000 -0.029977 
143 43872.000000 -0.035089 
144 43874.000000 -0.037515 
145 43876.000000 -0.037775 
146 43878.000000 -0.035869 
147 43880.000000 -0.032490 
148 43882.000000 -0.027638 
149 43884.000000 -0.022353 
150 43886.000000 -0.018194 
151 43888.000000 -0.014209 
152 43890.000000 -0.012996 
153 43892.000000 -0.011610 
154 43894.000000 -0.014122 
155 43896.000000 -0.016202 
156 43898.000000 -0.019927 
157 43900.000000 -0.020707 
158 43902.000000 -0.018541 
159 43904.000000 -0.013776 
160 43906.000000 -0.007624 
161 43908.000000 -0.003206 
162 43910.000000 -0.000606 
163 43912.000000 0.000260 
164 43914.000000 0.000606 
165 43916.000000 0.002253 
166 43918.000000 0.004765 
167 43920.000000 0.008058 
168 43922.000000 0.010917 
169 43924.000000 0.013862 
170 43926.000000 0.016375 
171 43928.000000 0.020360 
172 43930.000000 0.026599 
173 43932.000000 0.036042 
174 43934.000000 0.047652 
175 43936.000000 0.060561 
176 43938.000000 0.072258 
177 43940.000000 0.082481 
178 43942.000000 0.090539 
179 43944.000000 0.099463 
180 43946.000000 0.108473 
181 43948.000000 0.119217 
182 43950.000000 0.129787 
183 43952.000000 0.140530 
184 43954.000000 0.149281 
185 43956.000000 0.154133 
186 43958.000000 0.154912 
187 43960.000000 0.149974 
188 43962.000000 0.138191 
189 43964.000000 0.120083 
190 43966.000000 0.094264 
191 43968.000000 0.063334 
192 43970.000000 0.026512 
193 43972.000000 -0.012563 
194 43974.000000 -0.052764 
195 43976.000000 -0.093398 
196 43978.000000 -0.131606 
197 43980.000000 -0.169468 
198 43982.000000 -0.203864 
199 43984.000000 -0.236268 
200 43986.000000 -0.265292 
201 43988.000000 -0.289724 
202 43990.000000 -0.310691 
203 43992.000000 -0.326547 
204 43994.000000 -0.336337 
205 43996.000000 -0.340842 
206 43998.000000 -0.339889 
207 44000.000000 -0.335990 
208 44002.000000 -0.329232 
209 44004.000000 -0.319009 
210 44006.000000 -0.304367 
211 44008.000000 -0.283226 
212 44010.000000 -0.255935 
213 44012.000000 -0.223618 
214 44014.000000 -0.188962 
215 44016.000000 -0.154046 
216 44018.000000 -0.119303 
217 44020.000000 -0.086120 
218 44022.000000 -0.052850 
219 44024.000000 -0.020967 
220 44026.000000 0.009877 
221 44028.000000 0.039335 
222 44030.000000 0.065153 
223 44032.000000 0.086813 
224 44034.000000 0.105354 
225 44036.000000 0.121123 
226 44038.000000 0.137065 
227 44040.000000 0.152833 
228 44042.000000 0.168255 
229 44044.000000 0.182811 
230 44046.000000 0.193901 
231 44048.000000 0.201438 
232 44050.000000 0.204471 
233 44052.000000 0.203604 
234 44054.000000 0.199879 
235 44056.000000 0.193294 
236 44058.000000 0.184110 
237 44060.000000 0.172154 
238 44062.000000 0.157945 
239 44064.000000 0.142176 
240 44066.000000 0.125888 
241 44068.000000 0.109600 
242 44070.000000 0.092965 
243 44072.000000 0.075550 
244 44074.000000 0.057616 
245 44076.000000 0.038122 
246 44078.000000 0.019494 
247 44080.000000 0.001386 
248 44082.000000 -0.015335 
